#Camera position
1	-0.031405	0	1	-0.012562	0	1	1.01714	0	1	0.00649351	0	1	-0.0162338	0	1	-2.60222e-18	0	
2	-0.0639649	0	2	-0.025586	0	2	1.03289	0	2	0.0130096	0	2	-0.032524	0	2	9.35316e-19	0	
3	-0.0972896	0	3	-0.0389158	0	3	1.04704	0	3	0.0194834	0	3	-0.0487085	0	3	2.60328e-18	0	
4	-0.130955	0	4	-0.0523821	0	4	1.05945	0	4	0.0258511	0	4	-0.0646278	0	4	3.36374e-18	0	
5	-0.16453	0	5	-0.065812	0	5	1.07003	0	5	0.0320532	0	5	-0.0801331	0	5	4.99353e-18	0	
6	-0.1976	0	6	-0.0790399	0	6	1.0788	0	6	0.0380372	0	6	-0.095093	0	6	4.01857e-18	0	
7	-0.229791	0	7	-0.0919162	0	7	1.08583	0	7	0.0437593	0	7	-0.109398	0	7	4.5642e-18	0	
8	-0.260784	0	8	-0.104314	0	8	1.09124	0	8	0.0491859	0	8	-0.122965	0	8	3.69709e-18	0	
9	-0.29033	0	9	-0.116132	0	9	1.09519	0	9	0.0542936	0	9	-0.135734	0	9	3.91707e-18	0	
10	-0.318243	0	10	-0.127297	0	10	1.09786	0	10	0.0590687	0	10	-0.147672	0	10	4.79066e-18	0	
11	-0.344409	0	11	-0.137764	0	11	1.09945	0	11	0.0635064	0	11	-0.158766	0	11	4.79382e-18	0	
12	-0.368769	0	12	-0.147508	0	12	1.10015	0	12	0.0676091	0	12	-0.169023	0	12	5.23303e-18	0	
13	-0.391314	0	13	-0.156526	0	13	1.10012	0	13	0.071385	0	13	-0.178463	0	13	5.67272e-18	0	
14	-0.412076	0	14	-0.16483	0	14	1.09953	0	14	0.0748471	0	14	-0.187118	0	14	6.11283e-18	0	
15	-0.431115	0	15	-0.172446	0	15	1.09852	0	15	0.0780111	0	15	-0.195028	0	15	6.5533e-18	0	
16	-0.448513	0	16	-0.179405	0	16	1.0972	0	16	0.0808949	0	16	-0.202237	0	16	6.99407e-18	0	
17	-0.464366	0	17	-0.185746	0	17	1.09567	0	17	0.0835174	0	17	-0.208793	0	17	6.99772e-18	0	
18	-0.478775	0	18	-0.19151	0	18	1.094	0	18	0.0858977	0	18	-0.214744	0	18	7.00115e-18	0	
19	-0.491846	0	19	-0.196739	0	19	1.09227	0	19	0.0880549	0	19	-0.220137	0	19	7.00433e-18	0	
20	-0.503685	0	20	-0.201474	0	20	1.09052	0	20	0.0900074	0	20	-0.225019	0	20	7.00729e-18	0	
21	-0.514394	0	21	-0.205758	0	21	1.08878	0	21	0.0917728	0	21	-0.229432	0	21	6.13376e-18	0	
22	-0.524071	0	22	-0.209628	0	22	1.08708	0	22	0.0933676	0	22	-0.233419	0	22	5.2594e-18	0	
23	-0.532807	0	23	-0.213123	0	23	1.08545	0	23	0.0948073	0	23	-0.237018	0	23	5.26113e-18	0	
24	-0.540688	0	24	-0.216275	0	24	1.0839	0	24	0.0961063	0	24	-0.240266	0	24	4.38559e-18	0	
25	-0.547795	0	25	-0.219118	0	25	1.08243	0	25	0.0972777	0	25	-0.243194	0	25	4.3868e-18	0	
26	-0.554201	0	26	-0.22168	0	26	1.08105	0	26	0.0983337	0	26	-0.245834	0	26	5.26548e-18	0	
27	-0.559972	0	27	-0.223989	0	27	1.07976	0	27	0.0992854	0	27	-0.248213	0	27	4.3889e-18	0	
28	-0.56517	0	28	-0.226068	0	28	1.07857	0	28	0.100143	0	28	-0.250357	0	28	4.38981e-18	0	
29	-0.569852	0	29	-0.227941	0	29	1.07746	0	29	0.100915	0	29	-0.252288	0	29	4.39064e-18	0	
30	-0.574067	0	30	-0.229627	0	30	1.07644	0	30	0.101611	0	30	-0.254027	0	30	3.51311e-18	0	
31	-0.577862	0	31	-0.231145	0	31	1.0755	0	31	0.102237	0	31	-0.255593	0	31	4.39207e-18	0	
32	-0.581278	0	32	-0.232511	0	32	1.07464	0	32	0.102801	0	32	-0.257003	0	32	3.51415e-18	0	
33	-0.584353	0	33	-0.233741	0	33	1.07386	0	33	0.103309	0	33	-0.258273	0	33	3.5146e-18	0	
34	-0.587121	0	34	-0.234848	0	34	1.07314	0	34	0.103766	0	34	-0.259416	0	34	2.63625e-18	0	
35	-0.589612	0	35	-0.235845	0	35	1.07248	0	35	0.104178	0	35	-0.260444	0	35	2.63652e-18	0	
36	-0.591854	0	36	-0.236741	0	36	1.07188	0	36	0.104548	0	36	-0.261371	0	36	4.39462e-18	0	
37	-0.593871	0	37	-0.237548	0	37	1.07134	0	37	0.104882	0	37	-0.262204	0	37	2.637e-18	0	
38	-0.595687	0	38	-0.238275	0	38	1.07085	0	38	0.105182	0	38	-0.262955	0	38	3.51626e-18	0	
39	-0.597321	0	39	-0.238928	0	39	1.0704	0	39	0.105452	0	39	-0.26363	0	39	3.51651e-18	0	
40	-0.598791	0	40	-0.239517	0	40	1.07	0	40	0.105695	0	40	-0.264238	0	40	5.27509e-18	0	
41	-0.600115	0	41	-0.240046	0	41	1.06963	0	41	0.105914	0	41	-0.264785	0	41	5.27539e-18	0	
42	-0.601306	0	42	-0.240522	0	42	1.0693	0	42	0.106111	0	42	-0.265278	0	42	6.15493e-18	0	
43	-0.602378	0	43	-0.240951	0	43	1.06899	0	43	0.106288	0	43	-0.265721	0	43	7.91384e-18	0	
44	-0.603342	0	44	-0.241337	0	44	1.06872	0	44	0.106448	0	44	-0.26612	0	44	8.79352e-18	0	
45	-0.60421	0	45	-0.241684	0	45	1.06848	0	45	0.106592	0	45	-0.266479	0	45	7.91447e-18	0	
46	-0.604991	0	46	-0.241997	0	46	1.06826	0	46	0.106721	0	46	-0.266802	0	46	7.03532e-18	0	
47	-0.605694	0	47	-0.242278	0	47	1.06805	0	47	0.106837	0	47	-0.267093	0	47	7.91497e-18	0	
48	-0.606327	0	48	-0.242531	0	48	1.06787	0	48	0.106942	0	48	-0.267355	0	48	9.67411e-18	0	
49	-0.606896	0	49	-0.242759	0	49	1.06771	0	49	0.107036	0	49	-0.267591	0	49	7.91538e-18	0	
50	-0.607409	0	50	-0.242963	0	50	1.06756	0	50	0.107121	0	50	-0.267803	0	50	7.91555e-18	0	
51	-0.60787	0	51	-0.243148	0	51	1.06743	0	51	0.107197	0	51	-0.267994	0	51	7.91571e-18	0	
52	-0.608285	0	52	-0.243314	0	52	1.06731	0	52	0.107266	0	52	-0.268165	0	52	8.79539e-18	0	
53	-0.608658	0	53	-0.243463	0	53	1.0672	0	53	0.107328	0	53	-0.26832	0	53	8.79553e-18	0	
54	-0.608995	0	54	-0.243598	0	54	1.0671	0	54	0.107384	0	54	-0.268459	0	54	8.79566e-18	0	
55	-0.609297	0	55	-0.243719	0	55	1.06702	0	55	0.107434	0	55	-0.268584	0	55	8.79578e-18	0	
56	-0.609569	0	56	-0.243828	0	56	1.06694	0	56	0.107479	0	56	-0.268697	0	56	7.91629e-18	0	
57	-0.609814	0	57	-0.243926	0	57	1.06687	0	57	0.107519	0	57	-0.268799	0	57	8.79597e-18	0	
58	-0.610035	0	58	-0.244014	0	58	1.0668	0	58	0.107556	0	58	-0.26889	0	58	7.03685e-18	0	
59	-0.610233	0	59	-0.244093	0	59	1.06674	0	59	0.107589	0	59	-0.268972	0	59	7.91652e-18	0	
60	-0.610412	0	60	-0.244165	0	60	1.06669	0	60	0.107618	0	60	-0.269046	0	60	9.67582e-18	0	
61	-0.610573	0	61	-0.244229	0	61	1.06665	0	61	0.107645	0	61	-0.269112	0	61	1.05555e-17	0	
62	-0.610717	0	62	-0.244287	0	62	1.0666	0	62	0.107669	0	62	-0.269172	0	62	1.23148e-17	0	
63	-0.610847	0	63	-0.244339	0	63	1.06657	0	63	0.10769	0	63	-0.269226	0	63	1.31945e-17	0	
64	-0.610965	0	64	-0.244386	0	64	1.06653	0	64	0.10771	0	64	-0.269275	0	64	1.40743e-17	0	
65	-0.61107	0	65	-0.244428	0	65	1.0665	0	65	0.107727	0	65	-0.269318	0	65	1.4954e-17	0	
66	-0.611165	0	66	-0.244466	0	66	1.06647	0	66	0.107743	0	66	-0.269358	0	66	1.4954e-17	0	
67	-0.61125	0	67	-0.2445	0	67	1.06645	0	67	0.107757	0	67	-0.269393	0	67	1.58337e-17	0	
68	-0.611327	0	68	-0.244531	0	68	1.06642	0	68	0.10777	0	68	-0.269425	0	68	1.49541e-17	0	
